62 5
706.000000 2000.000000 -892.000000 -2000.000000
-231.000000 -2000.000000 1817.000000 2000.000000
1361.000000 2000.000000 -1911.000000 -2000.000000
2000.000000 -613.000000 -2000.000000 -337.000000
-1726.000000 2000.000000 1234.000000 -2000.000000
-2000.000000 115.000000 2000.000000 1023.000000
-2000.000000 1474.000000 2000.000000 -1423.000000
2000.000000 -84.000000 -2000.000000 -678.000000
561.000000 -2000.000000 791.000000 2000.000000
-746.000000 -2000.000000 -1443.000000 2000.000000
-722.000000 2000.000000 1328.000000 -2000.000000
-2000.000000 1777.000000 2000.000000 -804.000000
-463.000000 2000.000000 -1297.000000 -2000.000000
-1275.000000 -2000.000000 -502.000000 2000.000000
-1458.000000 2000.000000 816.000000 -2000.000000
2000.000000 761.000000 -2000.000000 80.000000
-1806.000000 -2000.000000 1293.000000 2000.000000
-2000.000000 -570.000000 2000.000000 -533.000000
1187.000000 -2000.000000 -1696.000000 2000.000000
857.000000 2000.000000 510.000000 -2000.000000
-1245.000000 -2000.000000 933.000000 2000.000000
-2000.000000 1247.000000 -198.000000 -2000.000000
2000.000000 -1048.000000 -2000.000000 1315.000000
1415.000000 2000.000000 -1996.000000 -2000.000000
1861.000000 -2000.000000 -892.000000 2000.000000
-20.000000 2000.000000 236.000000 -2000.000000
-344.000000 -2000.000000 -572.000000 2000.000000
-2000.000000 -1222.000000 2000.000000 760.000000
753.000000 2000.000000 -966.000000 -2000.000000
-501.000000 2000.000000 -1276.000000 -2000.000000
1151.000000 2000.000000 -1440.000000 -2000.000000
2000.000000 -1672.000000 -2000.000000 1613.000000
2000.000000 1785.000000 -2000.000000 -309.000000
-1954.000000 -2000.000000 1389.000000 2000.000000
-2000.000000 872.000000 2000.000000 -340.000000
2000.000000 -716.000000 -2000.000000 1081.000000
-1323.000000 -2000.000000 -417.000000 2000.000000
-421.000000 2000.000000 861.000000 -2000.000000
-2000.000000 1410.000000 881.000000 -2000.000000
-1549.000000 2000.000000 2000.000000 -1625.000000
263.000000 2000.000000 969.000000 -2000.000000
-1102.000000 -2000.000000 2000.000000 1066.000000
-1170.000000 -2000.000000 -188.000000 2000.000000
2000.000000 -656.000000 -2000.000000 536.000000
2000.000000 1364.000000 -2000.000000 -1611.000000
-688.000000 -2000.000000 -1547.000000 2000.000000
-2000.000000 1795.000000 2000.000000 -1290.000000
2000.000000 559.000000 -2000.000000 -1881.000000
240.000000 -2000.000000 -1090.000000 2000.000000
-2000.000000 -53.000000 2000.000000 1325.000000
621.000000 2000.000000 -1103.000000 -2000.000000
-2000.000000 -1086.000000 2000.000000 549.000000
2000.000000 -1545.000000 -1685.000000 2000.000000
378.000000 -2000.000000 -2000.000000 489.000000
2000.000000 214.000000 -2000.000000 -820.000000
-1101.000000 2000.000000 1919.000000 -2000.000000
-1351.000000 -2000.000000 1012.000000 2000.000000
-2000.000000 -1052.000000 2000.000000 142.000000
-97.000000 2000.000000 -646.000000 -2000.000000
-2000.000000 1546.000000 2000.000000 -591.000000
-186.000000 2000.000000 1315.000000 -2000.000000
2000.000000 -545.000000 -2000.000000 315.000000
