-84.000000 106.000000
-121.000000 -60.000000
132.000000 -52.000000
25.000000 -75.000000
-35.000000 6.000000
84.000000 42.000000
16.000000 116.000000
132.000000 130.000000
-55.000000 -136.000000
-301.000000 224.000000
96.000000 -146.000000
-159.000000 -299.000000
-154.000000 -155.000000
-156.000000 34.000000
-166.000000 164.000000
-383.000000 -202.000000
374.000000 -235.000000
-367.000000 -78.000000
-352.000000 447.000000
-108.000000 -395.000000
84.000000 -444.000000
434.000000 292.000000
-356.000000 -381.000000
260.000000 -483.000000
-36.000000 -278.000000
315.000000 165.000000
-379.000000 326.000000
185.000000 40.000000
-169.000000 317.000000
-544.000000 -251.000000
-35.000000 -519.000000
188.000000 -186.000000
75.000000 510.000000
451.000000 491.000000
-364.000000 -625.000000
396.000000 -418.000000
-37.000000 201.000000
26.000000 648.000000
-526.000000 251.000000
243.000000 584.000000
-181.000000 -502.000000
-493.000000 582.000000
632.000000 330.000000
204.000000 202.000000
64.000000 204.000000
138.000000 642.000000
605.000000 -287.000000
413.000000 141.000000
-204.000000 491.000000
-220.000000 -45.000000
-101.000000 804.000000
-582.000000 -544.000000
228.000000 -90.000000
-231.000000 -223.000000
-511.000000 473.000000
-854.000000 -959.000000
-451.000000 -777.000000
83.000000 -811.000000
62.000000 -243.000000
-237.000000 93.000000
-321.000000 -518.000000
826.000000 346.000000
695.000000 549.000000
-967.000000 128.000000
968.000000 564.000000
108.000000 -603.000000
-876.000000 985.000000
596.000000 -814.000000
-733.000000 -325.000000
-61.000000 -642.000000
-811.000000 98.000000
363.000000 -848.000000
-725.000000 786.000000
-996.000000 -504.000000
516.000000 923.000000
-784.000000 -884.000000
272.000000 -259.000000
117.000000 987.000000
921.000000 -630.000000
303.000000 -930.000000
-573.000000 889.000000
847.000000 -8.000000
132.000000 825.000000
-127.000000 948.000000
286.000000 4.000000
383.000000 698.000000
-273.000000 -131.000000
531.000000 685.000000
274.000000 274.000000
-586.000000 545.000000
127.000000 283.000000
204.000000 -797.000000
159.000000 -283.000000
783.000000 812.000000
836.000000 -365.000000
-276.000000 659.000000
-118.000000 -798.000000
-265.000000 915.000000
3.000000 293.000000
307.000000 -589.000000
